P1 3 1 0 3
P2 6 2 0 3
P3 12 2 0 3
P4 15 4 0 3
P5 24 8 0 3
P6 38 5 0 3
P7 42 3 0 3
P8 47 6 0 3
P9 51 2 0 3
P10 55 4 0 3
P11 60 5 0 3
P12 65 7 0 3
P13 70 3 0 3
P14 75 6 0 3
P15 80 2 0 3
P16 85 4 0 3
P17 90 5 0 3
P18 95 7 0 3
P19 100 3 0 3
P20 105 6 0 3
P21 110 2 0 3
P22 115 4 0 3
P23 120 5 0 3
P24 125 7 0 3
P25 130 3 0 3
P26 135 6 0 3
P27 140 2 0 3
P28 145 4 0 3
P29 150 5 0 3
P30 155 7 0 3
P31 160 3 0 3
P32 165 6 0 3
P33 170 2 0 3
P34 175 4 0 3
P35 180 5 0 3
P36 185 7 0 3
P37 190 3 0 3
P38 195 6 0 3
P39 200 2 0 3
P40 205 4 0 3
P41 210 5 0 3
P42 215 7 0 3
P43 220 3 0 3
P44 225 6 0 3
P45 230 2 0 3
P46 235 4 0 3
P47 240 5 0 3
P48 245 7 0 3
P49 250 3 0 3
P50 255 6 0 3
P51 260 2 0 3
P52 265 4 0 3
P53 270 5 0 3
P54 275 7 0 3
P55 280 3 0 3
P56 285 6 0 3
P57 290 2 0 3
P58 295 4 0 3
P59 300 5 0 3
P60 305 7 0 3
P61 310 3 0 3
P62 315 6 0 3
P63 320 2 0 3
P64 325 4 0 3
P65 330 5 0 3
P66 335 7 0 3
P67 340 3 0 3
P68 345 6 0 3
P69 350 2 0 3
P70 355 4 0 3
P71 360 5 0 3
P72 365 7 0 3
P73 370 3 0 3
P74 375 6 0 3
P75 380 2 0 3
P76 385 4 0 3
P77 390 5 0 3
P78 395 7 0 3
P79 400 3 0 3
P80 405 6 0 3
P81 410 2 0 3
P82 415 4 0 3
P83 420 5 0 3
P84 425 7 0 3
P85 430 3 0 3
P86 435 6 0 3
P87 440 2 0 3
P88 445 4 0 3
P89 450 5 0 3
P90 455 7 0 3
P91 460 3 0 3
P92 465 6 0 3
P93 470 2 0 3
P94 475 4 0 3
P95 480 5 0 3
P96 485 7 0 3
P97 490 3 0 3
P98 495 6 0 3
P99 500 2 0 3
P100 505 4 0 3
P101 510 5 0 3
P102 515 7 0 3
P103 520 3 0 3
P104 525 6 0 3
P105 530 2 0 3
P106 535 4 0 3
P107 540 5 0 3
P108 545 7 0 3
P109 550 3 0 3
P110 555 6 0 3
P111 560 2 0 3
P112 565 4 0 3
P113 570 5 0 3
P114 575 7 0 3
P115 580 3 0 3
P116 585 6 0 3
P117 590 2 0 3
P118 595 4 0 3
P119 600 5 0 3
P120 605 7 0 3
P121 610 3 0 3
P122 615 6 0 3
P123 620 2 0 3
P124 625 4 0 3
P125 630 5 0 3
P126 635 7 0 3
P127 640 3 0 3
P128 645 6 0 3
P129 650 2 0 3
P130 655 4 0 3
P131 660 5 0 3
P132 665 7 0 3
P133 670 3 0 3
P134 675 6 0 3
P135 680 2 0 3
P136 685 4 0 3
P137 690 5 0 3
P138 695 7 0 3
P139 700 3 0 3
P140 705 6 0 3
P141 710 2 0 3
P142 715 4 0 3
P143 720 5 0 3
P144 725 7 0 3
P145 730 3 0 3
P146 735 6 0 3
P147 740 2 0 3
P148 745 4 0 3
P149 750 5 0 3
P150 755 7 0 3
P151 760 3 0 3
P152 765 6 0 3
P153 770 2 0 3
P154 775 4 0 3
P155 780 5 0 3
P156 785 7 0 3
P157 790 3 0 3
P158 795 6 0 3
P159 800 2 0 3
P160 805 4 0 3
P161 810 5 0 3
P162 815 7 0 3
P163 820 3 0 3
P164 825 6 0 3
P165 830 2 0 3
P166 835 4 0 3
P167 840 5 0 3
P168 845 7 0 3
P169 850 3 0 3
P170 855 6 0 3
P171 860 2 0 3
P172 865 4 0 3
P173 870 5 0 3
P174 875 7 0 3
P175 880 3 0 3
P176 885 6 0 3
P177 890 2 0 3
P178 895 4 0 3
P179 900 5 0 3
P180 905 7 0 3
P181 910 3 0 3
P182 915 6 0 3
P183 920 2 0 3
P184 925 4 0 3
P185 930 5 0 3
P186 935 7 0 3
P187 940 3 0 3
P188 945 6 0 3
P189 950 2 0 3
P190 955 4 0 3
P191 960 5 0 3
P192 965 7 0 3
P193 970 3 0 3
P194 975 6 0 3
P195 980 2 0 3
P196 985 4 0 3
P197 990 5 0 3
P198 995 7 0 3
P199 1000 3 0 3
P200 1005 6 0 3
P201 1010 2 0 3
P202 1015 4 0 3
P203 1020 5 0 3
P204 1025 7 0 3
P205 1030 3 0 3
P206 1035 6 0 3
P207 1040 2 0 3
P208 1045 4 0 3
P209 1050 5 0 3
P210 1055 7 0 3
P211 1060 3 0 3
P212 1065 6 0 3
P213 1070 2 0 3
P214 1075 4 0 3
P215 1080 5 0 3
P216 1085 7 0 3
P217 1090 3 0 3
P218 1095 6 0 3
P219 1100 2 0 3
P220 1105 4 0 3
P221 1110 5 0 3
P222 1115 7 0 3
P223 1120 3 0 3
P224 1125 6 0 3
P225 1130 2 0 3
P226 1135 4 0 3
P227 1140 5 0 3
P228 1145 7 0 3
P229 1150 3 0 3
P230 1155 6 0 3
P231 1160 2 0 3
P232 1165 4 0 3
P233 1170 5 0 3
P234 1175 7 0 3
P235 1180 3 0 3
P236 1185 6 0 3
P237 1190 2 0 3
P238 1195 4 0 3
P239 1200 5 0 3
P240 1205 7 0 3
P241 1210 3 0 3
P242 1215 6 0 3
P243 1220 2 0 3
P244 1225 4 0 3
P245 1230 5 0 3
P246 1235 7 0 3
P247 1240 3 0 3
P248 1245 6 0 3
P249 1250 2 0 3
P250 1255 4 0 3
P251 1260 5 0 3
P252 1265 7 0 3
P253 1270 3 0 3
P254 1275 6 0 3
P255 1280 2 0 3
P256 1285 4 0 3
P257 1290 5 0 3
P258 1295 7 0 3
P259 1300 3 0 3
P260 1305 6 0 3
P261 1310 2 0 3
P262 1315 4 0 3
P263 1320 5 0 3
P264 1325 7 0 3
P265 1330 3 0 3
P266 1335 6 0 3
P267 1340 2 0 3
P268 1345 4 0 3
P269 1350 5 0 3
P270 1355 7 0 3
P271 1360 3 0 3
P272 1365 6 0 3
P273 1370 2 0 3
P274 1375 4 0 3
P275 1380 5 0 3
P276 1385 7 0 3
P277 1390 3 0 3
P278 1395 6 0 3
P279 1400 2 0 3
P280 1405 4 0 3
P281 1410 5 0 3
P282 1415 7 0 3
P283 1420 3 0 3
P284 1425 6 0 3
P285 1430 2 0 3
P286 1435 4 0 3
P287 1440 5 0 3
P288 1445 7 0 3
P289 1450 3 0 3
P290 1455 6 0 3
P291 1460 2 0 3
P292 1465 4 0 3
P293 1470 5 0 3
P294 1475 7 0 3
P295 1480 3 0 3
P296 1485 6 0 3
P297 1490 2 0 3
P298 1495 4 0 3
P299 1500 5 0 3
P300 1505 7 0 3
P301 1510 3 0 3
P302 1515 6 0 3
P303 1520 2 0 3
P304 1525 4 0 3
P305 1530 5 0 3
P306 1535 7 0 3
P307 1540 3 0 3
P308 1545 6 0 3
P309 1550 2 0 3
P310 1555 4 0 3
P311 1560 5 0 3
P312 1565 7 0 3
P313 1570 3 0 3
P314 1575 6 0 3
P315 1580 2 0 3
P316 1585 4 0 3
P317 1590 5 0 3
P318 1595 7 0 3
P319 1600 3 0 3
P320 1605 6 0 3
P321 1610 2 0 3
P322 1615 4 0 3
P323 1620 5 0 3
P324 1625 7 0 3
P325 1630 3 0 3
P326 1635 6 0 3
P327 1640 2 0 3
P328 1645 4 0 3
P329 1650 5 0 3
P330 1655 7 0 3
P331 1660 3 0 3
P332 1665 6 0 3
P333 1670 2 0 3
P334 1675 4 0 3
P335 1680 5 0 3
P336 1685 7 0 3
P337 1690 3 0 3
P338 1695 6 0 3
P339 1700 2 0 3
P340 1705 4 0 3
P341 1710 5 0 3
P342 1715 7 0 3
P343 1720 3 0 3
P344 1725 6 0 3
P345 1730 2 0 3
P346 1735 4 0 3
