P1 3 1 0 3
P2 6 2 0 3
P3 12 2 0 3
P4 15 4 0 3
P5 24 8 0 3
P6 38 5 0 3
P7 42 3 0 3
P8 47 6 0 3
P9 51 2 0 3
P10 55 4 0 3
P11 60 5 0 3
P12 65 7 0 3
P13 70 3 0 3
P14 75 6 0 3
P15 80 2 0 3
P16 85 4 0 3
P17 90 5 0 3
P18 95 7 0 3
P19 100 3 0 3
P20 105 6 0 3
P21 110 2 0 3
P22 115 4 0 3
P23 120 5 0 3
P24 125 7 0 3
P25 130 3 0 3
P26 135 6 0 3
P27 140 2 0 3
P28 145 4 0 3
P29 150 5 0 3
P30 155 7 0 3
P31 160 3 0 3
P32 165 6 0 3
P33 170 2 0 3
P34 175 4 0 3
P35 180 5 0 3
P36 185 7 0 3
P37 190 3 0 3
P38 195 6 0 3
P39 200 2 0 3
P40 205 4 0 3
P41 210 5 0 3
P42 215 7 0 3
P43 220 3 0 3
P44 225 6 0 3
P45 230 2 0 3
P46 235 4 0 3