P1 3 1 0 3
P2 6 2 0 3
P3 12 2 0 3
P4 15 4 0 3
P5 24 8 0 3
P6 38 5 0 3
P7 42 3 0 3
P8 47 6 0 3
P9 51 2 0 3
P10 55 4 0 3
P11 60 5 0 3
P12 65 7 0 3
P13 70 3 0 3
P14 75 6 0 3
P15 80 2 0 3
P16 85 4 0 3
P17 90 5 0 3
P18 95 7 0 3
P19 100 3 0 3
P20 105 6 0 3
P21 110 2 0 3
P22 115 4 0 3
P23 120 5 0 3
P24 125 7 0 3
P25 130 3 0 3
P26 135 6 0 3
P27 140 2 0 3
P28 145 4 0 3
P29 150 5 0 3
P30 155 7 0 3
P31 160 3 0 3
P32 165 6 0 3
P33 170 2 0 3
P34 175 4 0 3
P35 180 5 0 3
P36 185 7 0 3
P37 190 3 0 3
P38 195 6 0 3
P39 200 2 0 3
P40 205 4 0 3
P41 210 5 0 3
P42 215 7 0 3
P43 220 3 0 3
P44 225 6 0 3
P45 230 2 0 3
P46 235 4 0 3
P47 240 5 0 3
P48 245 7 0 3
P49 250 3 0 3
P50 255 6 0 3
P51 260 2 0 3
P52 265 4 0 3
P53 270 5 0 3
P54 275 7 0 3
P55 280 3 0 3
P56 285 6 0 3
P57 290 2 0 3
P58 295 4 0 3
P59 300 5 0 3
P60 305 7 0 3
P61 310 3 0 3
P62 315 6 0 3
P63 320 2 0 3
P64 325 4 0 3
P65 330 5 0 3
P66 335 7 0 3
P67 340 3 0 3
P68 345 6 0 3
P69 350 2 0 3
P70 355 4 0 3
P71 360 5 0 3
P72 365 7 0 3
P73 370 3 0 3
P74 375 6 0 3
P75 380 2 0 3
P76 385 4 0 3
P77 390 5 0 3
P78 395 7 0 3
P79 400 3 0 3
P80 405 6 0 3
P81 410 2 0 3
P82 415 4 0 3
P83 420 5 0 3
P84 425 7 0 3
P85 430 3 0 3
P86 435 6 0 3
P87 440 2 0 3
P88 445 4 0 3
P89 450 5 0 3
P90 455 7 0 3
P91 460 3 0 3
P92 465 6 0 3
P93 470 2 0 3
P94 475 4 0 3
P95 480 5 0 3
P96 485 7 0 3
P97 490 3 0 3
P98 495 6 0 3
P99 500 2 0 3
P100 505 4 0 3
P101 510 5 0 3
P102 515 7 0 3
P103 520 3 0 3
P104 525 6 0 3
P105 530 2 0 3
P106 535 4 0 3
P107 540 5 0 3
P108 545 7 0 3
P109 550 3 0 3
P110 555 6 0 3
P111 560 2 0 3
P112 565 4 0 3
P113 570 5 0 3
P114 575 7 0 3
P115 580 3 0 3
P116 585 6 0 3
P117 590 2 0 3
P118 595 4 0 3
P119 600 5 0 3
P120 605 7 0 3
P121 610 3 0 3
P122 615 6 0 3
P123 620 2 0 3
P124 625 4 0 3
P125 630 5 0 3
P126 635 7 0 3
P127 640 3 0 3
P128 645 6 0 3
P129 650 2 0 3
P130 655 4 0 3
P131 660 5 0 3
P132 665 7 0 3
P133 670 3 0 3
P134 675 6 0 3
P135 680 2 0 3
P136 685 4 0 3
P137 690 5 0 3
P138 695 7 0 3
P139 700 3 0 3
P140 705 6 0 3
P141 710 2 0 3
P142 715 4 0 3
P143 720 5 0 3
P144 725 7 0 3
P145 730 3 0 3
P146 735 6 0 3
