P1 3 1 0 3
P2 6 2 0 3
P3 12 2 0 3
P4 15 4 0 3
P5 24 8 0 3
P6 38 5 0 3
P7 42 3 0 3
P8 47 6 0 3
P9 51 2 0 3
P10 55 4 0 3
P11 60 5 0 3
P12 65 7 0 3
P13 70 3 0 3
P14 75 6 0 3
P15 80 2 0 3
P16 85 4 0 3
P17 90 5 0 3
P18 95 7 0 3
P19 100 3 0 3
P20 105 6 0 3
P21 110 2 0 3
P22 115 4 0 3
P23 120 5 0 3
P24 125 7 0 3
P25 130 3 0 3
P26 135 6 0 3
P27 140 2 0 3
P28 145 4 0 3
P29 150 5 0 3
P30 155 7 0 3
P31 160 3 0 3
P32 165 6 0 3
P33 170 2 0 3
P34 175 4 0 3
P35 180 5 0 3
P36 185 7 0 3
P37 190 3 0 3
P38 195 6 0 3
P39 200 2 0 3
P40 205 4 0 3
P41 210 5 0 3
P42 215 7 0 3
P43 220 3 0 3
P44 225 6 0 3
P45 230 2 0 3
P46 235 4 0 3
P47 240 5 0 3
P48 245 7 0 3
P49 250 3 0 3
P50 255 6 0 3
P51 260 2 0 3
P52 265 4 0 3
P53 270 5 0 3
P54 275 7 0 3
P55 280 3 0 3
P56 285 6 0 3
P57 290 2 0 3
P58 295 4 0 3
P59 300 5 0 3
P60 305 7 0 3
P61 310 3 0 3
P62 315 6 0 3
P63 320 2 0 3
P64 325 4 0 3
P65 330 5 0 3
P66 335 7 0 3
P67 340 3 0 3
P68 345 6 0 3
P69 350 2 0 3
P70 355 4 0 3
P71 360 5 0 3
P72 365 7 0 3
P73 370 3 0 3
P74 375 6 0 3
P75 380 2 0 3
P76 385 4 0 3
P77 390 5 0 3
P78 395 7 0 3
P79 400 3 0 3
P80 405 6 0 3
P81 410 2 0 3
P82 415 4 0 3
P83 420 5 0 3
P84 425 7 0 3
P85 430 3 0 3
P86 435 6 0 3
P87 440 2 0 3
P88 445 4 0 3
P89 450 5 0 3
P90 455 7 0 3
P91 460 3 0 3
P92 465 6 0 3
P93 470 2 0 3
P94 475 4 0 3
P95 480 5 0 3
P96 485 7 0 3
P97 490 3 0 3
P98 495 6 0 3
P99 500 2 0 3
P100 505 4 0 3
P101 510 5 0 3
P102 515 7 0 3
P103 520 3 0 3
P104 525 6 0 3
P105 530 2 0 3
P106 535 4 0 3
P107 540 5 0 3
P108 545 7 0 3
P109 550 3 0 3
P110 555 6 0 3
P111 560 2 0 3
P112 565 4 0 3
P113 570 5 0 3
P114 575 7 0 3
P115 580 3 0 3
P116 585 6 0 3
P117 590 2 0 3
P118 595 4 0 3
P119 600 5 0 3
P120 605 7 0 3
P121 610 3 0 3
P122 615 6 0 3
P123 620 2 0 3
P124 625 4 0 3
P125 630 5 0 3
P126 635 7 0 3
P127 640 3 0 3
P128 645 6 0 3
P129 650 2 0 3
P130 655 4 0 3
P131 660 5 0 3
P132 665 7 0 3
P133 670 3 0 3
P134 675 6 0 3
P135 680 2 0 3
P136 685 4 0 3
P137 690 5 0 3
P138 695 7 0 3
P139 700 3 0 3
P140 705 6 0 3
P141 710 2 0 3
P142 715 4 0 3
P143 720 5 0 3
P144 725 7 0 3
P145 730 3 0 3
P146 735 6 0 3
P147 740 2 0 3
P148 745 4 0 3
P149 750 5 0 3
P150 755 7 0 3
P151 760 3 0 3
P152 765 6 0 3
P153 770 2 0 3
P154 775 4 0 3
P155 780 5 0 3
P156 785 7 0 3
P157 790 3 0 3
P158 795 6 0 3
P159 800 2 0 3
P160 805 4 0 3
P161 810 5 0 3
P162 815 7 0 3
P163 820 3 0 3
P164 825 6 0 3
P165 830 2 0 3
P166 835 4 0 3
P167 840 5 0 3
P168 845 7 0 3
P169 850 3 0 3
P170 855 6 0 3
P171 860 2 0 3
P172 865 4 0 3
P173 870 5 0 3
P174 875 7 0 3
P175 880 3 0 3
P176 885 6 0 3
P177 890 2 0 3
P178 895 4 0 3
P179 900 5 0 3
P180 905 7 0 3
P181 910 3 0 3
P182 915 6 0 3
P183 920 2 0 3
P184 925 4 0 3
P185 930 5 0 3
P186 935 7 0 3
P187 940 3 0 3
P188 945 6 0 3
P189 950 2 0 3
P190 955 4 0 3
P191 960 5 0 3
P192 965 7 0 3
P193 970 3 0 3
P194 975 6 0 3
P195 980 2 0 3
P196 985 4 0 3
P197 990 5 0 3
P198 995 7 0 3
P199 1000 3 0 3
P200 1005 6 0 3
P201 1010 2 0 3
P202 1015 4 0 3
P203 1020 5 0 3
P204 1025 7 0 3
P205 1030 3 0 3
P206 1035 6 0 3
P207 1040 2 0 3
P208 1045 4 0 3
P209 1050 5 0 3
P210 1055 7 0 3
P211 1060 3 0 3
P212 1065 6 0 3
P213 1070 2 0 3
P214 1075 4 0 3
P215 1080 5 0 3
P216 1085 7 0 3
P217 1090 3 0 3
P218 1095 6 0 3
P219 1100 2 0 3
P220 1105 4 0 3
P221 1110 5 0 3
P222 1115 7 0 3
P223 1120 3 0 3
P224 1125 6 0 3
P225 1130 2 0 3
P226 1135 4 0 3
P227 1140 5 0 3
P228 1145 7 0 3
P229 1150 3 0 3
P230 1155 6 0 3
P231 1160 2 0 3
P232 1165 4 0 3
P233 1170 5 0 3
P234 1175 7 0 3
P235 1180 3 0 3
P236 1185 6 0 3
P237 1190 2 0 3
P238 1195 4 0 3
P239 1200 5 0 3
P240 1205 7 0 3
P241 1210 3 0 3
P242 1215 6 0 3
P243 1220 2 0 3
P244 1225 4 0 3
P245 1230 5 0 3
P246 1235 7 0 3
P247 1240 3 0 3
P248 1245 6 0 3
P249 1250 2 0 3
P250 1255 4 0 3
P251 1260 5 0 3
P252 1265 7 0 3
P253 1270 3 0 3
P254 1275 6 0 3
P255 1280 2 0 3
P256 1285 4 0 3
P257 1290 5 0 3
P258 1295 7 0 3
P259 1300 3 0 3
P260 1305 6 0 3
P261 1310 2 0 3
P262 1315 4 0 3
P263 1320 5 0 3
P264 1325 7 0 3
P265 1330 3 0 3
P266 1335 6 0 3
P267 1340 2 0 3
P268 1345 4 0 3
P269 1350 5 0 3
P270 1355 7 0 3
P271 1360 3 0 3
P272 1365 6 0 3
P273 1370 2 0 3
P274 1375 4 0 3
P275 1380 5 0 3
P276 1385 7 0 3
P277 1390 3 0 3
P278 1395 6 0 3
P279 1400 2 0 3
P280 1405 4 0 3
P281 1410 5 0 3
P282 1415 7 0 3
P283 1420 3 0 3
P284 1425 6 0 3
P285 1430 2 0 3
P286 1435 4 0 3
P287 1440 5 0 3
P288 1445 7 0 3
P289 1450 3 0 3
P290 1455 6 0 3
P291 1460 2 0 3
P292 1465 4 0 3
P293 1470 5 0 3
P294 1475 7 0 3
P295 1480 3 0 3
P296 1485 6 0 3
P297 1490 2 0 3
P298 1495 4 0 3
P299 1500 5 0 3
P300 1505 7 0 3
P301 1510 3 0 3
P302 1515 6 0 3
P303 1520 2 0 3
P304 1525 4 0 3
P305 1530 5 0 3
P306 1535 7 0 3
P307 1540 3 0 3
P308 1545 6 0 3
P309 1550 2 0 3
P310 1555 4 0 3
P311 1560 5 0 3
P312 1565 7 0 3
P313 1570 3 0 3
P314 1575 6 0 3
P315 1580 2 0 3
P316 1585 4 0 3
P317 1590 5 0 3
P318 1595 7 0 3
P319 1600 3 0 3
P320 1605 6 0 3
P321 1610 2 0 3
P322 1615 4 0 3
P323 1620 5 0 3
P324 1625 7 0 3
P325 1630 3 0 3
P326 1635 6 0 3
P327 1640 2 0 3
P328 1645 4 0 3
P329 1650 5 0 3
P330 1655 7 0 3
P331 1660 3 0 3
P332 1665 6 0 3
P333 1670 2 0 3
P334 1675 4 0 3
P335 1680 5 0 3
P336 1685 7 0 3
P337 1690 3 0 3
P338 1695 6 0 3
P339 1700 2 0 3
P340 1705 4 0 3
P341 1710 5 0 3
P342 1715 7 0 3
P343 1720 3 0 3
P344 1725 6 0 3
P345 1730 2 0 3
P346 1735 4 0 3
P347 1740 5 0 3
P348 1745 7 0 3
P349 1750 3 0 3
P350 1755 6 0 3
P351 1760 2 0 3
P352 1765 4 0 3
P353 1770 5 0 3
P354 1775 7 0 3
P355 1780 3 0 3
P356 1785 6 0 3
P357 1790 2 0 3
P358 1795 4 0 3
P359 1800 5 0 3
P360 1805 7 0 3
P361 1810 3 0 3
P362 1815 6 0 3
P363 1820 2 0 3
P364 1825 4 0 3
P365 1830 5 0 3
P366 1835 7 0 3
P367 1840 3 0 3
P368 1845 6 0 3
P369 1850 2 0 3
P370 1855 4 0 3
P371 1860 5 0 3
P372 1865 7 0 3
P373 1870 3 0 3
P374 1875 6 0 3
P375 1880 2 0 3
P376 1885 4 0 3
P377 1890 5 0 3
P378 1895 7 0 3
P379 1900 3 0 3
P380 1905 6 0 3
P381 1910 2 0 3
P382 1915 4 0 3
P383 1920 5 0 3
P384 1925 7 0 3
P385 1930 3 0 3
P386 1935 6 0 3
P387 1940 2 0 3
P388 1945 4 0 3
P389 1950 5 0 3
P390 1955 7 0 3
P391 1960 3 0 3
P392 1965 6 0 3
P393 1970 2 0 3
P394 1975 4 0 3
P395 1980 5 0 3
P396 1985 7 0 3
P397 1990 3 0 3
P398 1995 6 0 3
P399 2000 2 0 3
P400 2005 4 0 3
P401 2010 5 0 3
P402 2015 7 0 3
P403 2020 3 0 3
P404 2025 6 0 3
P405 2030 2 0 3
P406 2035 4 0 3
P407 2040 5 0 3
P408 2045 7 0 3
P409 2050 3 0 3
P410 2055 6 0 3
P411 2060 2 0 3
P412 2065 4 0 3
P413 2070 5 0 3
P414 2075 7 0 3
P415 2080 3 0 3
P416 2085 6 0 3
P417 2090 2 0 3
P418 2095 4 0 3
P419 2100 5 0 3
P420 2105 7 0 3
P421 2110 3 0 3
P422 2115 6 0 3
P423 2120 2 0 3
P424 2125 4 0 3
P425 2130 5 0 3
P426 2135 7 0 3
P427 2140 3 0 3
P428 2145 6 0 3
P429 2150 2 0 3
P430 2155 4 0 3
P431 2160 5 0 3
P432 2165 7 0 3
P433 2170 3 0 3
P434 2175 6 0 3
P435 2180 2 0 3
P436 2185 4 0 3
P437 2190 5 0 3
P438 2195 7 0 3
P439 2200 3 0 3
P440 2205 6 0 3
P441 2210 2 0 3
P442 2215 4 0 3
P443 2220 5 0 3
P444 2225 7 0 3
P445 2230 3 0 3
P446 2235 6 0 3
P447 2240 2 0 3
P448 2245 4 0 3
P449 2250 5 0 3
P450 2255 7 0 3
P451 2260 3 0 3
P452 2265 6 0 3
P453 2270 2 0 3
P454 2275 4 0 3
P455 2280 5 0 3
P456 2285 7 0 3
P457 2290 3 0 3
P458 2295 6 0 3
P459 2300 2 0 3
P460 2305 4 0 3
P461 2310 5 0 3
P462 2315 7 0 3
P463 2320 3 0 3
P464 2325 6 0 3
P465 2330 2 0 3
P466 2335 4 0 3
P467 2340 5 0 3
P468 2345 7 0 3
P469 2350 3 0 3
P470 2355 6 0 3
P471 2360 2 0 3
P472 2365 4 0 3
P473 2370 5 0 3
P474 2375 7 0 3
P475 2380 3 0 3
P476 2385 6 0 3
P477 2390 2 0 3
P478 2395 4 0 3
P479 2400 5 0 3
P480 2405 7 0 3
P481 2410 3 0 3
P482 2415 6 0 3
P483 2420 2 0 3
P484 2425 4 0 3
P485 2430 5 0 3
P486 2435 7 0 3
P487 2440 3 0 3
P488 2445 6 0 3
P489 2450 2 0 3
P490 2455 4 0 3
P491 2460 5 0 3
P492 2465 7 0 3
P493 2470 3 0 3
P494 2475 6 0 3
P495 2480 2 0 3
P496 2485 4 0 3
P497 2490 5 0 3
P498 2500 3 0 3
P499 2505 6 0 3
P500 2510 2 0 3
P501 2515 4 0 3
P502 2520 5 0 3
P503 2525 7 0 3
P504 2530 3 0 3
P505 2535 6 0 3
P506 2540 2 0 3
P507 2545 4 0 3
P508 2550 5 0 3
P509 2555 7 0 3
P510 2560 3 0 3
P511 2565 6 0 3
P512 2570 2 0 3
P513 2575 4 0 3
P514 2580 5 0 3
P515 2585 7 0 3
P516 2590 3 0 3
P517 2595 6 0 3
P518 2600 2 0 3
P519 2605 4 0 3
P520 2610 5 0 3
P521 2615 7 0 3
P522 2620 3 0 3
P523 2625 6 0 3
P524 2630 2 0 3
P525 2635 4 0 3
P526 2640 5 0 3
P527 2645 7 0 3
P528 2650 3 0 3
P529 2655 6 0 3
P530 2660 2 0 3
P531 2665 4 0 3
P532 2670 5 0 3
P533 2675 7 0 3
P534 2680 3 0 3
P535 2685 6 0 3
P536 2690 2 0 3
P537 2695 4 0 3
P538 2700 5 0 3
P539 2705 7 0 3
P540 2710 3 0 3
P541 2715 6 0 3
P542 2720 2 0 3
P543 2725 4 0 3
P544 2730 5 0 3
P545 2735 7 0 3
P546 2740 3 0 3
P547 2745 6 0 3
P548 2750 2 0 3
P549 2755 4 0 3
P550 2760 5 0 3
P551 2765 7 0 3
P552 2770 3 0 3
P553 2775 6 0 3
P554 2780 2 0 3
P555 2785 4 0 3
P556 2790 5 0 3
P557 2795 7 0 3
P558 2800 3 0 3
P559 2805 6 0 3
P560 2810 2 0 3
P561 2815 4 0 3
P562 2820 5 0 3
P563 2825 7 0 3
P564 2830 3 0 3
P565 2835 6 0 3
P566 2840 2 0 3
P567 2845 4 0 3
P568 2850 5 0 3
P569 2855 7 0 3
P570 2860 3 0 3
P571 2865 6 0 3
P572 2870 2 0 3
P573 2875 4 0 3
P574 2880 5 0 3
P575 2885 7 0 3
P576 2890 3 0 3
P577 2895 6 0 3
P578 2900 2 0 3
P579 2905 4 0 3
P580 2910 5 0 3
P581 2915 7 0 3
P582 2920 3 0 3
P583 2925 6 0 3
P584 2930 2 0 3
P585 2935 4 0 3
P586 2940 5 0 3
P587 2945 7 0 3
P588 2950 3 0 3
P589 2955 6 0 3
P590 2960 2 0 3
P591 2965 4 0 3
P592 2970 5 0 3
P593 2975 7 0 3
P594 2980 3 0 3
P595 2985 6 0 3
P596 2990 2 0 3
P597 2995 4 0 3
P598 3000 5 0 3
P599 3005 7 0 3
P600 3010 3 0 3
P601 3015 6 0 3
P602 3020 2 0 3
P603 3025 4 0 3
P604 3030 5 0 3
P605 3035 7 0 3
P606 3040 3 0 3
P607 3045 6 0 3
P608 3050 2 0 3
P609 3055 4 0 3
P610 3060 5 0 3
P611 3065 7 0 3
P612 3070 3 0 3
P613 3075 6 0 3
P614 3080 2 0 3
P615 3085 4 0 3
P616 3090 5 0 3
P617 3095 7 0 3
P618 3100 3 0 3
P619 3105 6 0 3
P620 3110 2 0 3
P621 3115 4 0 3
P622 3120 5 0 3
P623 3125 7 0 3
P624 3130 3 0 3
P625 3135 6 0 3
P626 3140 2 0 3
P627 3145 4 0 3
P628 3150 5 0 3
P629 3155 7 0 3
P630 3160 3 0 3
P631 3165 6 0 3
P632 3170 2 0 3
P633 3175 4 0 3
P634 3180 5 0 3
P635 3185 7 0 3
P636 3190 3 0 3
P637 3195 6 0 3
P638 3200 2 0 3
P639 3205 4 0 3
P640 3210 5 0 3
P641 3215 7 0 3
P642 3220 3 0 3
P643 3225 6 0 3
P644 3230 2 0 3
P645 3235 4 0 3
P646 3240 5 0 3